image: ./map_big.pgm
resolution: 0.010000
origin: [-6.050000, -7.050000, 0.000000]
negate: 0
occupied_thresh: 0.65
free_thresh: 0.196

