image: map_medium.pgm
resolution: 0.010000
origin: [-6.000000, -2.200000, 0.000000]
negate: 0
occupied_thresh: 0.65
free_thresh: 0.196

